6744568
6744974
6744993
6744318
6744550
6744869
6745094
6744387
6745209
6744864
6743997
6745031
6744369
6745208
6744738
6744627
6744183
6744128
6745236
6744103
6743944
6745013
6744210
6744132
6744311
6744502
6744853
6744042
6744634
6744531
6744532
6744827
6744294
6744495
6744440
6744104
6744310
6744217
6745245
6745091
6745226
6744245
6744874
6744067
6744717
6744149
6744591
6744392
6744847
6744703
6745131
6745059
6744328
6744610
6744404
6744513
6745188
6745028
6743989
6745273
6745057
6744773
6744798
6744921
6745217
6744820
6744155
6745128
6745111
6744447
6744954
6744046
6745047
6744753
6745184
6745006
6744588
6743987
6744788
6745046
6744672
6744410
6744816
6744694
6744496
6744887
6745008
6744558
6744089
6744994
6744377
6744787
6744677
6744956
6744179
6744300
6744508
6744228
6744907
6744767
6745009
6744541
6744230
6744247
6744856
6745041
6744292
6745043
6744586
6744130
6745021
6744418
6745010
6744996
6744979
6744722
6744968
6744321
6744706
6745215
6745103
6744997
6744266
6744818
6745097
6744929
6744640
6744012
6743991
6744489
6745282
6745112
6744681
6744893
6744771
6744932
6744020
6744449
6745039
6745249
6745279
6744668
6745192
6744236
6745190
6743948
6744830
6745090
6744814
6744011
6744500
6744002
6744911
6743935
6743973
6744028
6744066
6745042
6744344
6744428
6744096
6744433
6744846
6744052
6744903
6744010
