1000801248
1001301248
1001801248
1002701158
1003101188
1004001278
1005601168
1050835218
1060435158
1060801198
1061235188
1061635208
1062101238
1062335178
1062601258
1062735148
1062901138
1900401198
1902401208
2050501168
6744568
6744974
6744974_E
6744993
6744993_E
6744522
6744550
6745094
6744387
6745209
6744864
6743997
6745031
6744369
6745208
6744037
6744627
6744627_E
6745181
6744128
6745236
6744337
6743944
6745013
6744886
6744132
6744311
6744311_E
6744690
6744853
6744853_E
6744042
6744042_E
6744634
6744624
6744532
6744827
6744827_E
6744294
6744294_E
6744495
6744440
6744104
6744104_E
6744608
6744217
6744217_E
6745113
6745070
6745226
6744874
6744067
6744717
6744438
6744591
6744392
6744847
6744703
6744249_E
6745131
6745059
6744328
6744328_E
6744610
6744404
6744513
6744742
6745028
6743969
6745273
6745057
6744773
6744798
6744798_E
6744921
6745217
6744820
6744155
6745128
6745111
6744447
6744954
6744046
6744046_E
6745047
6744753
6744373
6745006
6744588
6743987
6744788
6744788_E
6745046
6744919
6744224
6744816
6744816_E
6744694
6744694_E
6744496
6744887
6744887_E
6745008
6744558
6744068
6744994
6744377
6744377_E
6744787
6744927
6744677_E
6744956
6745195
6744300
6744508
6744508_E
6744228
6744228_E
6744907
6744837_E
6744062
6745009
6744541
6744230
6744247
6744856
6744506
6745041
6744899
6744259_E
6744292
6745043
6744586
6744586_E
6744130
6744078
6745160
6744450
6744996
6744836
6744123
6744968
6744321
6744706
6745215
6745103
6745116
6744590
6744818
6744818_E
6745097
6744929
6744929_E
6744640
6744936
6743991
6744489
6745133
6745112
6744681
6744893
6744368_E
6744771
6744932
6744020
6744027
6745039
6745249
6745279
6744498
6744905
6744905_E
6745192
6744457
6745190
6743948
6744569
6744830
6744900
6744003
6744011
6744500
6744500_E
6744002
6744557_E
6744911
6743935
6744127
6744028
6744066
6745042
6744344
6744428
6744023
6744096_E
6744433
6744846
6744846_E
6744052
6744903
6744010
4002101198
4003235018
4004235248
4004935158
4005935278
4006635258
4006935208
4007135148
4007235168
4007435248
4007535198
4008435158
4009035168
4009835268
